              precision    recall  f1-score   support

           0       0.40      1.00      0.57       521
           1       0.86      0.01      0.02       647
           2       0.78      0.69      0.73       887
           3       0.75      0.83      0.79       776
           4       0.90      0.94      0.92       398
           5       0.96      0.61      0.74       776
           6       0.99      0.99      0.99       444
           7       0.90      0.80      0.85       629
           8       0.87      1.00      0.93       886
           9       0.95      0.98      0.97      1615
          10       0.97      1.00      0.99      1265
          11       1.00      0.41      0.58       504
          12       0.86      1.00      0.92      1728

    accuracy                           0.84     11076
   macro avg       0.86      0.79      0.77     11076
weighted avg       0.87      0.84      0.81     11076
